version https://git-lfs.github.com/spec/v1
oid sha256:5f68e8964363446f602de6c7b46457c1c29b2eabb65cf6f0f7505d0801223a00
size 141838
